Rk,Player,Age,Pos,G,GS,Att,Yds▼,TD,1D,Succ%,Lng,Y/A,Y/G,A/G,Tgt,Rec,Yds,Y/R,TD,1D,Succ%,Lng,R/G,Y/G,Ctch%,Y/Tgt,Touch,Y/Tch,YScm,RRTD,Fmb,Awards,-9999
1,Antowain Smith,31,RB,13,6,182,642,3,31,42.9,30,3.5,49.4,14.0,16,14,92,6.6,0,5,43.8,16,1.1,7.1,87.5,5.8,196,3.7,734,3,1,,SmitAn00
2,Kevin Faulk,27,RB,15,8,178,638,0,30,42.1,23,3.6,42.5,11.9,66,48,440,9.2,0,20,54.5,27,3.2,29.3,72.7,6.7,226,4.8,1078,0,4,,FaulKe00
3,Mike Cloud,28,RB,5,1,27,118,5,12,51.9,42,4.4,23.6,5.4,2,1,8,8.0,0,0,0.0,8,0.2,1.6,50.0,4.0,28,4.5,126,5,0,,ClouMi00
4,Larry Centers,35,FB,9,3,21,82,0,2,38.1,13,3.9,9.1,2.3,34,19,106,5.6,1,9,29.4,14,2.1,11.8,55.9,3.1,40,4.7,188,1,0,,CentLa00
5,Tom Brady,26,QB,16,16,42,63,1,11,28.6,11,1.5,3.9,2.6,0,0,0,,0,0,,,0.0,0.0,,,42,1.5,63,1,13,AP MVP-3,BradTo00
6,Troy Brown,32,WR,12,10,6,27,0,2,66.7,11,4.5,2.3,0.5,60,40,472,11.8,4,18,53.3,82,3.3,39.3,66.7,7.9,46,10.8,499,4,2,,BrowTr00
7,Patrick Pass,25,FB,13,1,6,27,0,2,83.3,11,4.5,2.1,0.5,8,4,21,5.3,0,1,25.0,11,0.3,1.6,50.0,2.6,10,4.8,48,0,0,,PassPa00
8,Deion Branch,24,WR,15,12,1,11,0,1,100.0,11,11.0,0.7,0.1,103,57,803,14.1,3,40,45.6,66,3.8,53.5,55.3,7.8,58,14.0,814,3,0,,BranDe00
9,Dan Klecko,22,DT,13,1,2,5,0,1,50.0,5,2.5,0.4,0.2,0,0,0,,0,0,,,0.0,0.0,,,2,2.5,5,0,0,,KlecDa20
10,David Patten,29,WR,6,5,1,4,0,0,100.0,4,4.0,0.7,0.2,22,9,140,15.6,0,6,31.8,42,1.5,23.3,40.9,6.4,10,14.4,144,0,0,,PattDa00
11,Fred McCrary,31,FB,6,3,3,3,0,1,33.3,4,1.0,0.5,0.5,5,2,12,6.0,0,1,20.0,9,0.3,2.0,40.0,2.4,5,3.0,15,0,0,,McCrFr00
12,David Givens,23,WR,13,5,0,0,0,0,,,,0.0,0.0,55,34,510,15.0,6,24,54.5,57,2.6,39.2,61.8,9.3,34,15.0,510,6,0,,GiveDa00
13,Daniel Graham,25,TE,14,9,0,0,0,0,,,,0.0,0.0,63,38,409,10.8,4,21,39.7,38,2.7,29.2,60.3,6.5,38,10.8,409,4,0,,GrahDa00
14,Christian Fauria,32,TE,16,12,0,0,0,0,,,,0.0,0.0,45,28,285,10.2,2,14,55.6,28,1.8,17.8,62.2,6.3,28,10.2,285,2,0,,FaurCh00
15,Dedric Ward,29,WR,4,0,0,0,0,0,,,,0.0,0.0,11,7,106,15.1,1,4,63.6,31,1.8,26.5,63.6,9.6,7,15.1,106,1,0,,WardDe00
16,J.J. Stokes,31,WR,2,0,0,0,0,0,,,,0.0,0.0,3,2,38,19.0,0,2,66.7,31,1.0,19.0,66.7,12.7,2,19.0,38,0,0,,StokJ.00
17,Joe Andruzzi,28,RG,16,16,0,0,0,0,,,,0.0,0.0,1,1,0,0.0,0,0,0.0,,0.1,0.0,100.0,0.0,1,0.0,0,0,1,,AndrJo21
18,Fred Baxter,32,TE,12,0,0,0,0,0,,,,0.0,0.0,2,0,0,,0,0,0.0,,0.0,0.0,0.0,0.0,0,,0,0,0,,BaxtFr00
19,Ken Walter,31,P,15,0,2,0,0,0,0.0,,0.0,0.0,0.1,0,0,0,,0,0,,,0.0,0.0,,,2,0.0,0,0,0,,WaltKe20
20,Damon Huard,30,QB,2,0,1,-1,0,0,0.0,-1,-1.0,-0.5,0.5,0,0,0,,0,0,,,0.0,0.0,,,1,-1.0,-1,0,0,,HuarDa00
21,Bethel Johnson,24,WR,15,5,1,-12,0,0,0.0,-12,-12.0,-0.8,0.1,34,16,209,13.1,2,12,38.2,45,1.1,13.9,47.1,6.1,17,11.6,197,2,0,,JohnBe00
,Team Totals,,,16,16,473,1607,9,93,42.3,42,3.4,100.4,29.6,530,320,3651,11.4,23,177,46.0,82,20.0,228.2,60.4,6.9,793,6.6,5258,32,21,,-9999