Rk,Player,Age,Pos,G,GS,Att,Yds,TD,1D,Succ%,Lng,Y/A,Y/G,A/G,Tgt,Rec,Yds,Y/R,TD,1D,Succ%,Lng,R/G,Y/G,Ctch%,Y/Tgt,Touch,Y/Tch,YScm,RRTD,Fmb,Awards,-9999
1,Antowain Smith,31,RB,3,3,64,252,2,11,46.9,35,3.9,84.0,21.3,3,2,9,4.5,0,0,33.3,8,0.7,3.0,66.7,3.0,66,4.0,261,2,0,,SmitAn00
2,Deion Branch,24,WR,3,3,0,0,0,0,,,,0.0,0.0,28,15,176,11.7,1,10,42.9,52,5.0,58.7,53.6,6.3,15,11.7,176,1,0,,BranDe00
3,Troy Brown,32,WR,3,2,1,-10,0,0,0.0,-10,-10.0,-3.3,0.3,24,17,175,10.3,0,11,62.5,18,5.7,58.3,70.8,7.3,18,9.2,165,0,1,,BrowTr00
4,David Givens,23,WR,3,2,0,0,0,0,,,,0.0,0.0,29,17,163,9.6,2,9,58.6,25,5.7,54.3,58.6,5.6,17,9.6,163,2,0,,GiveDa00
5,Kevin Faulk,27,RB,3,0,14,72,0,3,35.7,23,5.1,24.0,4.7,9,8,58,7.3,0,2,44.4,19,2.7,19.3,88.9,6.4,22,5.9,130,0,0,,FaulKe00
6,Bethel Johnson,24,WR,3,0,1,3,0,0,0.0,3,3.0,1.0,0.3,4,3,61,20.3,1,2,50.0,41,1.0,20.3,75.0,15.3,4,16.0,64,1,1,,JohnBe00
7,Christian Fauria,32,TE,3,1,0,0,0,0,,,,0.0,0.0,9,4,50,12.5,0,4,44.4,19,1.3,16.7,44.4,5.6,4,12.5,50,0,0,,FaurCh00
8,Daniel Graham,25,TE,2,1,0,0,0,0,,,,0.0,0.0,8,5,45,9.0,0,2,25.0,33,2.5,22.5,62.5,5.6,5,9.0,45,0,1,,GrahDa00
9,Larry Centers,35,FB,3,2,2,0,0,0,0.0,,0.0,0.0,0.7,5,2,32,16.0,0,1,20.0,28,0.7,10.7,40.0,6.4,4,8.0,32,0,0,,CentLa00
10,Dedric Ward,29,WR,3,1,0,0,0,0,,,,0.0,0.0,4,1,22,22.0,0,1,25.0,22,0.3,7.3,25.0,5.5,1,22.0,22,0,0,,WardDe00
11,Tom Brady,26,QB,3,3,12,18,0,5,41.7,12,1.5,6.0,4.0,0,0,0,,0,0,,,0.0,0.0,,,12,1.5,18,0,0,SB MVP,BradTo00
12,Mike Vrabel,28,RLB,1,1,0,0,0,0,,,,0.0,0.0,1,1,1,1.0,1,1,100.0,1,1.0,1.0,100.0,1.0,1,1.0,1,1,0,,VrabMi20
,Team Totals,,,3,3,94,335,2,19,42.6,35,3.6,111.7,31.3,124,75,792,10.6,5,43,48.4,52,25.0,264.0,60.5,6.4,169,6.7,1127,7,3,,-9999