,,,,,,Rushing,Rushing,Rushing,Rushing,Rushing,Rushing,Rushing,Rushing,Rushing,Receiving,Receiving,Receiving,Receiving,Receiving,Receiving,Receiving,Receiving,Receiving,Receiving,Receiving,Receiving,Scrimmage,Scrimmage,Scrimmage,Scrimmage,,,-additional
Rk,Player,Age,Pos,G,GS,Att,Yds▼,TD,1D,Succ%,Lng,Y/A,Y/G,A/G,Tgt,Rec,Yds,Y/R,TD,1D,Succ%,Lng,R/G,Y/G,Ctch%,Y/Tgt,Touch,Y/Tch,YScm,RRTD,Fmb,Awards,-9999
1,Brandon Jacobs,25,RB,11,9,202,1009,4,52,55.9,43,5.0,91.7,18.4,38,23,174,7.6,2,7,36.8,34,2.1,15.8,60.5,4.6,225,5.3,1183,6,5,,JacoBr00
2,Derrick Ward,27,RB,8,5,125,602,3,29,46.4,44,4.8,75.3,15.6,40,26,179,6.9,1,7,37.5,17,3.3,22.4,65.0,4.5,151,5.2,781,4,2,,WardDe01
3,Reuben Droughns,29,RB,16,1,85,275,6,27,44.7,45,3.2,17.2,5.3,15,7,49,7.0,0,1,20.0,11,0.4,3.1,46.7,3.3,92,3.5,324,6,1,,DrouRe00
4,Ahmad Bradshaw,21,RB,12,0,23,190,1,6,56.5,88,8.3,15.8,1.9,5,2,12,6.0,0,1,20.0,11,0.2,1.0,40.0,2.4,25,8.1,202,1,2,,BradAh00
5,Eli Manning,26,QB,16,16,29,69,1,9,37.9,18,2.4,4.3,1.8,0,0,0,,0,0,,,0.0,0.0,,,29,2.4,69,1,13,,MannEl00
6,Jeremy Shockey,27,TE,14,14,1,6,0,0,0.0,6,6.0,0.4,0.1,93,57,619,10.9,3,33,48.4,29,4.1,44.2,61.3,6.7,58,10.8,625,3,0,,ShocJe00
7,Sinorice Moss,24,WR,13,2,1,4,0,0,100.0,4,4.0,0.3,0.1,37,21,225,10.7,0,11,43.2,20,1.6,17.3,56.8,6.1,22,10.4,229,0,1,,MossSi00
8,Jared Lorenzen,26,QB,2,0,1,2,0,0,0.0,2,2.0,1.0,0.5,0,0,0,,0,0,,,0.0,0.0,,,1,2.0,2,0,0,,LoreJa00
9,Plaxico Burress,30,WR,16,16,0,0,0,0,,,,0.0,0.0,141,70,1025,14.6,12,50,45.4,60,4.4,64.1,49.6,7.3,70,14.6,1025,12,0,,BurrPl00
10,Amani Toomer,33,WR,16,15,0,0,0,0,,,,0.0,0.0,104,59,760,12.9,3,42,53.8,40,3.7,47.5,56.7,7.3,59,12.9,760,3,0,AP CPoY-9,ToomAm00
11,Kevin Boss,23,TE,13,2,0,0,0,0,,,,0.0,0.0,14,9,118,13.1,2,9,64.3,23,0.7,9.1,64.3,8.4,9,13.1,118,2,0,,BossKe00
12,Steve Smith,22,WR,5,0,0,0,0,0,,,,0.0,0.0,14,8,63,7.9,0,4,50.0,12,1.6,12.6,57.1,4.5,8,7.9,63,0,0,,SmitSt02
13,Madison Hedgecock,26,FB,15,9,0,0,0,0,,,,0.0,0.0,11,6,45,7.5,0,0,0.0,9,0.4,3.0,54.5,4.1,6,7.5,45,0,0,,HedgMa00
14,Anthony Mix,24,WR,4,0,0,0,0,0,,,,0.0,0.0,5,3,39,13.0,0,2,40.0,21,0.8,9.8,60.0,7.8,3,13.0,39,0,0,,MixxAn00
15,David Tyree,27,WR,12,0,0,0,0,0,,,,0.0,0.0,5,4,35,8.8,0,2,40.0,24,0.3,2.9,80.0,7.0,4,8.8,35,0,0,,TyreDa00
16,Michael Matthews,24,TE,16,6,0,0,0,0,,,,0.0,0.0,13,6,28,4.7,0,0,0.0,6,0.4,1.8,46.2,2.2,6,4.7,28,0,0,,MattMi00
17,Patrick Pass,29,FB,1,0,0,0,0,0,,,,0.0,0.0,1,0,0,,0,0,0.0,,0.0,0.0,0.0,0.0,0,,0,0,0,,PassPa00
18,Anthony Wright,31,QB,3,0,1,-1,0,0,0.0,-1,-1.0,-0.3,0.3,0,0,0,,0,0,,,0.0,0.0,,,1,-1.0,-1,0,0,,WrigAn00
19,Domenik Hixon,23,WR,12,1,1,-8,0,0,0.0,-8,-8.0,-0.7,0.1,1,1,5,5.0,0,0,0.0,5,0.1,0.4,100.0,5.0,2,-1.5,-3,0,0,,HixoDo00
,Team Totals,,,16,16,469,2148,15,123,49.9,88,4.6,134.3,29.3,537,302,3376,11.2,23,169,43.6,60,18.9,211.0,56.2,6.3,771,7.2,5524,38,24,,-9999