,,,,,,Rushing,Rushing,Rushing,Rushing,Rushing,Rushing,Rushing,Rushing,Rushing,Receiving,Receiving,Receiving,Receiving,Receiving,Receiving,Receiving,Receiving,Receiving,Receiving,Receiving,Receiving,Scrimmage,Scrimmage,Scrimmage,Scrimmage,,,-additional
Rk,Player,Age,Pos,G,GS,Att,Yds▼,TD,1D,Succ%,Lng,Y/A,Y/G,A/G,Tgt,Rec,Yds,Y/R,TD,1D,Succ%,Lng,R/G,Y/G,Ctch%,Y/Tgt,Touch,Y/Tch,YScm,RRTD,Fmb,Awards,-9999
1,Willie Parker,28,RB,11,11,210,791,5,29,41.0,34,3.8,71.9,19.1,10,3,13,4.3,0,0,0.0,5,0.3,1.2,30.0,1.3,213,3.8,804,5,0,,ParkWi00
2,Mewelde Moore,26,RB,16,4,140,588,5,36,50.0,32,4.2,36.8,8.8,53,40,320,8.0,1,17,47.2,25,2.5,20.0,75.5,6.0,180,5.0,908,6,2,,MoorMe00
3,Ben Roethlisberger,26,QB,16,16,34,101,2,8,35.3,17,3.0,6.3,2.1,1,1,-7,-7.0,0,1,0.0,-7,0.1,-0.4,100.0,-7.0,35,2.7,94,2,14,,RoetBe00
4,Gary Russell,22,RB,12,0,28,77,3,11,53.6,15,2.8,6.4,2.3,2,1,-2,-2.0,0,0,0.0,-2,0.1,-0.2,50.0,-1.0,29,2.6,75,3,0,,RussGa00
5,Rashard Mendenhall,21,RB,4,1,19,58,0,3,26.3,12,3.1,14.5,4.8,3,2,17,8.5,0,1,33.3,11,0.5,4.3,66.7,5.7,21,3.6,75,0,0,,MendRa00
6,Carey Davis,27,RB,14,3,12,35,0,2,16.7,11,2.9,2.5,0.9,6,5,27,5.4,0,1,50.0,14,0.4,1.9,83.3,4.5,17,3.6,62,0,2,,DaviCa00
7,Nate Washington,25,WR,16,1,5,18,0,2,60.0,8,3.6,1.1,0.3,78,40,631,15.8,3,24,47.4,65,2.5,39.4,51.3,8.1,45,14.4,649,3,0,,WashNa00
8,Santonio Holmes,24,WR,15,15,2,9,0,1,50.0,10,4.5,0.6,0.1,114,55,821,14.9,5,40,44.7,48,3.7,54.7,48.2,7.2,57,14.6,830,5,4,,HolmSa00
9,Byron Leftwich,28,QB,5,0,4,7,1,1,25.0,8,1.8,1.4,0.8,0,0,0,,0,0,,,0.0,0.0,,,4,1.8,7,1,0,,LeftBy00
10,Najeh Davenport,29,RB,4,0,2,5,0,2,100.0,3,2.5,1.3,0.5,0,0,0,,0,0,,,0.0,0.0,,,2,2.5,5,0,0,,DaveNa00
11,Hines Ward,32,WR,16,15,1,4,0,0,100.0,4,4.0,0.3,0.1,124,81,1043,12.9,7,55,57.3,49,5.1,65.2,65.3,8.4,82,12.8,1047,7,1,,WardHi00
12,Heath Miller,26,TE,14,14,0,0,0,0,,,,0.0,0.0,66,48,514,10.7,3,30,59.1,22,3.4,36.7,72.7,7.8,48,10.7,514,3,1,,MillHe00
13,Matt Spaeth,25,TE,16,13,0,0,0,0,,,,0.0,0.0,26,17,136,8.0,0,6,53.8,13,1.1,8.5,65.4,5.2,17,8.0,136,0,0,,SpaeMa00
14,Limas Sweed,24,WR,11,0,0,0,0,0,,,,0.0,0.0,10,6,64,10.7,0,3,40.0,17,0.5,5.8,60.0,6.4,6,10.7,64,0,2,,SweeLi00
15,Sean McHugh,26,FB,15,3,0,0,0,0,,,,0.0,0.0,4,3,24,8.0,0,1,50.0,15,0.2,1.6,75.0,6.0,3,8.0,24,0,0,,McHuSe00
16,Dallas Baker,26,WR,8,0,0,0,0,0,,,,0.0,0.0,2,1,6,6.0,0,0,0.0,6,0.1,0.8,50.0,3.0,1,6.0,6,0,0,,BakeDa01
17,Mitch Berger,36,P,13,0,1,0,0,0,0.0,,0.0,0.0,0.1,0,0,0,,0,0,,,0.0,0.0,,,1,0.0,0,0,0,,BergMi20
18,Dennis Dixon,23,QB,1,0,2,-3,0,0,0.0,-1,-1.5,-3.0,2.0,0,0,0,,0,0,,,0.0,0.0,,,2,-1.5,-3,0,0,,DixoDe00
,Team Totals,,,16,16,460,1690,16,95,43.0,34,3.7,105.6,28.8,499,303,3607,11.9,19,179,49.5,65,18.9,225.4,60.7,7.2,763,6.9,5297,35,26,,-9999