Rk,Player,Age,Pos,G,GS,Att,Yds,TD,1D,Succ%,Lng,Y/A,Y/G,A/G,Tgt,Rec,Yds,Y/R,TD,1D,Succ%,Lng,R/G,Y/G,Ctch%,Y/Tgt,Touch,Y/Tch,YScm,RRTD,Fmb,Awards,-9999
1,James Starks,24,RB,4,4,81,315,1,16,40.7,27,3.9,78.8,20.3,4,3,15,5.0,0,2,50.0,8,0.8,3.8,75.0,3.8,84,3.9,330,1,0,,StarJa00
2,Greg Jennings,27,WR,4,4,0,0,0,0,,,,0.0,0.0,33,21,303,14.4,2,11,48.5,31,5.3,75.8,63.6,9.2,21,14.4,303,2,1,,JennGr00
3,Jordy Nelson,25,WR,4,3,0,0,0,0,,,,0.0,0.0,29,21,286,13.6,2,14,65.5,38,5.3,71.5,72.4,9.9,21,13.6,286,2,0,,NelsJo00
4,Donald Driver,35,WR,4,2,0,0,0,0,,,,0.0,0.0,20,14,169,12.1,0,8,50.0,24,3.5,42.3,70.0,8.5,14,12.1,169,0,0,,DrivDo00
5,James Jones,26,WR,4,1,0,0,0,0,,,,0.0,0.0,13,11,144,13.1,2,7,69.2,34,2.8,36.0,84.6,11.1,11,13.1,144,2,0,,JoneJa04
6,Brandon Jackson,25,RB,4,0,6,28,0,2,50.0,13,4.7,7.0,1.5,8,5,64,12.8,1,3,50.0,16,1.3,16.0,62.5,8.0,11,8.4,92,1,0,,JackBr00
7,John Kuhn,28,FB,3,1,6,8,1,2,50.0,4,1.3,2.7,2.0,7,6,53,8.8,1,4,71.4,16,2.0,17.7,85.7,7.6,12,5.1,61,2,1,,KuhnJo00
8,Aaron Rodgers,27,QB,4,4,14,54,2,6,50.0,25,3.9,13.5,3.5,0,0,0,,0,0,,,0.0,0.0,,,14,3.9,54,2,2,SB MVP,RodgAa00
9,Andrew Quarless,22,TE,4,1,0,0,0,0,,,,0.0,0.0,10,5,46,9.2,0,2,20.0,15,1.3,11.5,50.0,4.6,5,9.2,46,0,0,,QuarAn00
10,Tom Crabtree,25,TE,3,0,0,0,0,0,,,,0.0,0.0,3,2,8,4.0,1,1,33.3,7,0.7,2.7,66.7,2.7,2,4.0,8,1,0,,CrabTo00
11,Quinn Johnson,24,RB,1,1,0,0,0,0,,,,0.0,0.0,1,1,4,4.0,0,1,100.0,4,1.0,4.0,100.0,4.0,1,4.0,4,0,0,,JohnQu00
12,Korey Hall,27,FB,1,0,0,0,0,0,,,,0.0,0.0,1,1,2,2.0,0,0,0.0,2,1.0,2.0,100.0,2.0,1,2.0,2,0,0,,HallKo99
13,Donald Lee,30,TE,1,0,0,0,0,0,,,,0.0,0.0,1,0,0,,0,0,0.0,,0.0,0.0,0.0,0.0,0,,0,0,0,,LeexDo00
14,Brett Swain,25,WR,1,0,0,0,0,0,,,,0.0,0.0,2,0,0,,0,0,0.0,,0.0,0.0,0.0,0.0,0,,0,0,0,,SwaiBr00
15,Matt Flynn,25,QB,1,0,1,-1,0,0,0.0,-1,-1.0,-1.0,1.0,0,0,0,,0,0,,,0.0,0.0,,,1,-1.0,-1,0,0,,FlynMa00
,Team Totals,,,4,4,108,404,4,26,42.6,27,3.7,101.0,27.0,132,90,1094,12.2,9,53,52.3,38,22.5,273.5,68.2,8.3,198,7.6,1498,13,4,,-9999