Rk,Player,Age,Pos,G,GS,Att,Yds,TD,1D,Succ%,Lng,Y/A,Y/G,A/G,Tgt,Rec,Yds,Y/R,TD,1D,Succ%,Lng,R/G,Y/G,Ctch%,Y/Tgt,Touch,Y/Tch,YScm,RRTD,Fmb,Awards,-9999
1,Julian Edelman,28,WR,3,3,2,19,0,1,100.0,12,9.5,6.3,0.7,37,26,281,10.8,1,18,64.9,23,8.7,93.7,70.3,7.6,28,10.7,300,1,2,,EdelJu00
2,Rob Gronkowski,25,TE,3,3,0,0,0,0,,,,0.0,0.0,31,16,204,12.8,3,12,41.9,46,5.3,68.0,51.6,6.6,16,12.8,204,3,0,,GronRo00
3,LeGarrette Blount,28,RB,3,0,47,189,3,12,55.3,22,4.0,63.0,15.7,0,0,0,,0,0,,,0.0,0.0,,,47,4.0,189,3,0,,BlouLe00
4,Shane Vereen,25,RB,3,2,6,21,0,1,33.3,7,3.5,7.0,2.0,21,18,144,8.0,0,9,71.4,30,6.0,48.0,85.7,6.9,24,6.9,165,0,0,,VereSh00
5,Danny Amendola,29,WR,3,1,1,-2,0,0,0.0,-2,-2.0,-0.7,0.3,16,11,137,12.5,3,7,56.3,51,3.7,45.7,68.8,8.6,12,11.3,135,3,1,,AmenDa00
6,Brandon LaFell,28,WR,3,3,0,0,0,0,,,,0.0,0.0,20,13,119,9.2,2,6,40.0,23,4.3,39.7,65.0,6.0,13,9.2,119,2,0,,LaFeBr00
7,Michael Hoomanawanui,26,TE,3,2,0,0,0,0,,,,0.0,0.0,6,6,53,8.8,0,2,50.0,16,2.0,17.7,100.0,8.8,6,8.8,53,0,0,,HoomMi00
8,Brandon Bolden,24,RB,1,1,3,7,0,1,33.3,4,2.3,7.0,3.0,1,1,11,11.0,0,1,100.0,11,1.0,11.0,100.0,11.0,4,4.5,18,0,0,,BoldBr00
9,Nate Solder,26,LT,1,1,0,0,0,0,,,,0.0,0.0,1,1,16,16.0,1,1,100.0,16,1.0,16.0,100.0,16.0,1,16.0,16,1,0,,SoldNa00
10,Tom Brady,37,QB,3,3,11,10,1,5,36.4,9,0.9,3.3,3.7,0,0,0,,0,0,,,0.0,0.0,,,11,0.9,10,1,0,SB MVP,BradTo00
11,James Develin,26,RB,2,0,0,0,0,0,,,,0.0,0.0,2,2,7,3.5,1,1,50.0,6,1.0,3.5,100.0,3.5,2,3.5,7,1,0,,DeveJa00
12,Jonas Gray,24,RB,1,0,4,4,0,0,0.0,2,1.0,4.0,4.0,0,0,0,,0,0,,,0.0,0.0,,,4,1.0,4,0,0,,GrayJo00
,Team Totals,,,3,3,74,248,4,20,47.3,22,3.4,82.7,24.7,135,94,972,10.3,11,57,55.6,51,31.3,324.0,69.6,7.2,168,7.3,1220,15,3,,-9999