Rk,Player,Age,Pos,G,GS,Att,Yds▼,TD,1D,Succ%,Lng,Y/A,Y/G,A/G,Tgt,Rec,Yds,Y/R,TD,1D,Succ%,Lng,R/G,Y/G,Ctch%,Y/Tgt,Touch,Y/Tch,YScm,RRTD,Fmb,Awards,-9999
1,Jonas Gray,24,RB,8,3,89,412,5,27,60.7,20,4.6,51.5,11.1,3,1,7,7.0,0,0,33.3,7,0.1,0.9,33.3,2.3,90,4.7,419,5,0,,GrayJo00
2,Shane Vereen,25,RB,16,6,96,391,2,15,39.6,19,4.1,24.4,6.0,77,52,447,8.6,3,24,41.6,49,3.3,27.9,67.5,5.8,148,5.7,838,5,0,,VereSh00
3,Stevan Ridley,25,RB,6,5,94,340,2,17,53.2,43,3.6,56.7,15.7,5,4,20,5.0,0,0,60.0,7,0.7,3.3,80.0,4.0,98,3.7,360,2,0,,RidlSt00
4,LeGarrette Blount,28,RB,5,1,60,281,3,16,43.3,34,4.7,56.2,12.0,4,4,18,4.5,0,1,50.0,11,0.8,3.6,100.0,4.5,64,4.7,299,3,0,,BlouLe00
5,Julian Edelman,28,WR,14,13,10,94,0,7,100.0,25,9.4,6.7,0.7,134,92,972,10.6,4,50,55.2,69,6.6,69.4,68.7,7.3,102,10.5,1066,4,3,,EdelJu00
6,Brandon Bolden,24,RB,16,2,28,89,1,5,39.3,17,3.2,5.6,1.8,6,2,8,4.0,0,0,0.0,4,0.1,0.5,33.3,1.3,30,3.2,97,1,0,,BoldBr00
7,Tom Brady,37,QB,16,16,36,57,0,11,36.1,17,1.6,3.6,2.3,0,0,0,,0,0,,,0.0,0.0,,,36,1.6,57,0,6,PBAP MVP-5,BradTo00
8,James White,22,RB,3,0,9,38,0,1,33.3,11,4.2,12.7,3.0,5,5,23,4.6,0,1,40.0,11,1.7,7.7,100.0,4.6,14,4.4,61,0,0,,WhitJa02
9,Brandon LaFell,28,WR,16,13,2,13,0,0,100.0,9,6.5,0.8,0.1,119,74,953,12.9,7,50,52.9,56,4.6,59.6,62.2,8.0,76,12.7,966,7,1,,LaFeBr00
10,Jimmy Garoppolo,23,QB,6,0,10,9,0,2,30.0,9,0.9,1.5,1.7,0,0,0,,0,0,,,0.0,0.0,,,10,0.9,9,0,0,,GaroJi00
11,James Develin,26,RB,16,4,3,5,0,0,33.3,5,1.7,0.3,0.2,8,6,43,7.2,0,3,37.5,13,0.4,2.7,75.0,5.4,9,5.3,48,0,1,,DeveJa00
12,Rob Gronkowski,25,TE,15,10,0,0,0,0,,,,0.0,0.0,131,82,1124,13.7,12,60,55.7,46,5.5,74.9,62.6,8.6,82,13.7,1124,12,0,PBAP-1AP OPoY-5AP CPoY-1,GronRo00
13,Danny Amendola,29,WR,16,4,0,0,0,0,,,,0.0,0.0,42,27,200,7.4,1,12,42.9,21,1.7,12.5,64.3,4.8,27,7.4,200,1,0,,AmenDa00
14,Brian Tyms,25,WR,11,2,0,0,0,0,,,,0.0,0.0,11,5,82,16.4,1,3,36.4,43,0.5,7.5,45.5,7.5,5,16.4,82,1,0,,TymsBr00
15,Kenbrell Thompkins,26,WR,2,1,0,0,0,0,,,,0.0,0.0,11,6,53,8.8,0,3,36.4,16,3.0,26.5,54.5,4.8,6,8.8,53,0,0,,ThomKe02
16,Michael Hoomanawanui,26,TE,16,12,0,0,0,0,,,,0.0,0.0,6,3,44,14.7,0,2,50.0,23,0.2,2.8,50.0,7.3,3,14.7,44,0,0,,HoomMi00
17,Aaron Dobson,23,WR,4,1,0,0,0,0,,,,0.0,0.0,5,3,38,12.7,0,2,60.0,16,0.8,9.5,60.0,7.6,3,12.7,38,0,0,,DobsAa00
18,Steve Maneri,26,T,1,0,0,0,0,0,,,,0.0,0.0,1,0,0,,0,0,0.0,,0.0,0.0,0.0,0.0,0,,0,0,0,,ManeSt00
19,Tim Wright,24,TE,16,2,1,-2,0,0,0.0,-2,-2.0,-0.1,0.1,33,26,259,10.0,6,18,66.7,30,1.6,16.2,78.8,7.8,27,9.5,257,6,0,,WrigTi01
,Team Totals,,,16,16,438,1727,13,101,48.2,43,3.9,107.9,27.4,601,392,4291,10.9,34,229,51.1,69,24.5,268.2,65.2,7.1,830,7.3,6018,47,11,,-9999