Rk,Player,Age,Pos,G,GS,Att,Yds,TD,1D,Succ%,Lng,Y/A,Y/G,A/G,Tgt,Rec,Yds,Y/R,TD,1D,Succ%,Lng,R/G,Y/G,Ctch%,Y/Tgt,Touch,Y/Tch,YScm,RRTD,Fmb,Awards,-9999
1,Julian Edelman,30,WR,3,3,2,14,0,1,50.0,12,7.0,4.7,0.7,36,21,342,16.3,1,14,52.8,48,7.0,114.0,58.3,9.5,23,15.5,356,1,0,,EdelJu00
2,Chris Hogan,29,WR,3,3,0,0,0,0,,,,0.0,0.0,23,17,332,19.5,2,15,73.9,45,5.7,110.7,73.9,14.4,17,19.5,332,2,0,,HogaCh00
3,James White,24,RB,3,0,7,29,2,4,71.4,10,4.1,9.7,2.3,21,18,137,7.6,2,7,47.6,28,6.0,45.7,85.7,6.5,25,6.6,166,4,0,,WhitJa02
4,LeGarrette Blount,30,RB,3,1,35,109,1,9,45.7,18,3.1,36.3,11.7,1,1,8,8.0,0,0,100.0,8,0.3,2.7,100.0,8.0,36,3.3,117,1,1,,BlouLe00
5,Dion Lewis,26,RB,3,2,25,79,1,4,52.0,13,3.2,26.3,8.3,12,5,33,6.6,1,2,25.0,13,1.7,11.0,41.7,2.8,30,3.7,112,2,2,,LewiDi00
6,Danny Amendola,31,WR,3,0,1,15,0,1,100.0,15,15.0,5.0,0.3,15,10,90,9.0,1,6,53.3,20,3.3,30.0,66.7,6.0,11,9.5,105,1,0,,AmenDa00
7,Martellus Bennett,29,TE,3,3,0,0,0,0,,,,0.0,0.0,15,11,98,8.9,0,5,46.7,25,3.7,32.7,73.3,6.5,11,8.9,98,0,0,,BennMa00
8,Malcolm Mitchell,24,WR,2,2,0,0,0,0,,,,0.0,0.0,11,7,75,10.7,0,4,63.6,18,3.5,37.5,63.6,6.8,7,10.7,75,0,0,,MitcMa01
9,Tom Brady,39,QB,3,3,9,13,0,2,33.3,15,1.4,4.3,3.0,0,0,0,,0,0,,,0.0,0.0,,,9,1.4,13,0,0,SB MVP,BradTo00
10,James Develin,28,RB,2,0,0,0,0,0,,,,0.0,0.0,3,2,13,6.5,0,1,33.3,13,1.0,6.5,66.7,4.3,2,6.5,13,0,0,,DeveJa00
11,Michael Floyd,27,WR,1,1,0,0,0,0,,,,0.0,0.0,3,1,9,9.0,0,1,33.3,9,1.0,9.0,33.3,3.0,1,9.0,9,0,0,,FloyMi00
,Team Totals,,,3,3,79,259,4,21,49.4,18,3.3,86.3,26.3,140,93,1137,12.2,7,55,52.9,48,31.0,379.0,66.4,8.1,172,8.1,1396,11,3,,-9999