Rk,Player,Age,Pos,G,GS,Att,Yds▼,TD,1D,Succ%,Lng,Y/A,Y/G,A/G,Tgt,Rec,Yds,Y/R,TD,1D,Succ%,Lng,R/G,Y/G,Ctch%,Y/Tgt,Touch,Y/Tch,YScm,RRTD,Fmb,Awards,-9999
1,LeGarrette Blount,31,RB,16,11,173,766,2,33,39.3,68,4.4,47.9,10.8,8,8,50,6.3,1,3,50.0,20,0.5,3.1,100.0,6.3,181,4.5,816,3,1,,BlouLe00
2,Jay Ajayi,24,RB,7,1,70,408,1,16,41.4,71,5.8,58.3,10.0,14,10,91,9.1,1,6,42.9,32,1.4,13.0,71.4,6.5,80,6.2,499,2,2,,AjayJa00
3,Corey Clement,23,RB,16,0,74,321,4,19,48.6,28,4.3,20.1,4.6,15,10,123,12.3,2,6,53.3,28,0.6,7.7,66.7,8.2,84,5.3,444,6,0,,ClemCo00
4,Carson Wentz,25,QB,13,13,64,299,0,27,53.1,24,4.7,23.0,4.9,0,0,0,,0,0,,,0.0,0.0,,,64,4.7,299,0,9,PBAP-2AP MVP-3,WentCa00
5,Wendell Smallwood,23,RB,8,3,47,174,1,10,31.9,26,3.7,21.8,5.9,18,13,103,7.9,0,6,50.0,24,1.6,12.9,72.2,5.7,60,4.6,277,1,0,,SmalWe00
6,Darren Sproles,34,RB,3,0,15,61,0,4,40.0,12,4.1,20.3,5.0,12,7,73,10.4,0,4,41.7,16,2.3,24.3,58.3,6.1,22,6.1,134,0,1,,SproDa00
7,Kenjon Barner,28,RB,13,1,16,57,1,3,31.3,18,3.6,4.4,1.2,8,5,56,11.2,0,1,25.0,22,0.4,4.3,62.5,7.0,21,5.4,113,1,3,,BarnKe00
8,Nate Sudfeld,24,QB,1,0,1,22,0,1,100.0,22,22.0,22.0,1.0,0,0,0,,0,0,,,0.0,0.0,,,1,22.0,22,0,0,,SudfNa00
9,Nelson Agholor,24,WR,16,10,1,7,0,1,100.0,7,7.0,0.4,0.1,95,62,768,12.4,8,35,47.4,72,3.9,48.0,65.3,8.1,63,12.3,775,8,0,,AghoNe00
10,Nick Foles,28,QB,7,3,11,3,0,1,18.2,9,0.3,0.4,1.6,0,0,0,,0,0,,,0.0,0.0,,,11,0.3,3,0,6,,FoleNi00
11,Zach Ertz,27,TE,14,13,0,0,0,0,,,,0.0,0.0,110,74,824,11.1,8,46,56.4,53,5.3,58.9,67.3,7.5,74,11.1,824,8,1,PB,ErtzZa00
12,Alshon Jeffery,27,WR,16,16,0,0,0,0,,,,0.0,0.0,120,57,789,13.8,9,44,43.3,53,3.6,49.3,47.5,6.6,57,13.8,789,9,0,,JeffAl00
13,Trey Burton,26,TE,15,1,0,0,0,0,,,,0.0,0.0,31,23,248,10.8,5,14,61.3,27,1.5,16.5,74.2,8.0,23,10.8,248,5,0,,BurtTr01
14,Mack Hollins,24,WR,16,0,0,0,0,0,,,,0.0,0.0,22,16,226,14.1,1,8,63.6,64,1.0,14.1,72.7,10.3,16,14.1,226,1,0,,HollMa00
15,Brent Celek,32,TE,16,10,0,0,0,0,,,,0.0,0.0,24,13,130,10.0,1,7,45.8,28,0.8,8.1,54.2,5.4,13,10.0,130,1,0,,CeleBr00
16,Marcus Johnson,23,WR,10,0,0,0,0,0,,,,0.0,0.0,8,5,45,9.0,0,3,50.0,16,0.5,4.5,62.5,5.6,5,9.0,45,0,1,,JohnMa07
17,Shelton Gibson,23,WR,5,0,0,0,0,0,,,,0.0,0.0,3,2,11,5.5,0,1,33.3,6,0.4,2.2,66.7,3.7,2,5.5,11,0,0,,GibsSh00
18,Torrey Smith,28,WR,16,14,1,-3,0,0,0.0,-3,-3.0,-0.2,0.1,67,36,430,11.9,2,11,34.3,59,2.3,26.9,53.7,6.4,37,11.5,427,2,0,,SmitTo02
,Team Totals,,,16,16,473,2115,9,115,41.6,71,4.5,132.2,29.6,555,341,3967,11.6,38,195,47.7,72,21.3,247.9,61.4,7.1,814,7.5,6082,47,24,,-9999