Rk,Player,Age,Pos,G,GS,Att,Yds▼,TD,1D,Succ%,Lng,Y/A,Y/G,A/G,Tgt,Rec,Yds,Y/R,TD,1D,Succ%,Lng,R/G,Y/G,Ctch%,Y/Tgt,Touch,Y/Tch,YScm,RRTD,Fmb,Awards,-9999
1,Sony Michel,23,RB,13,8,209,931,6,54,51.2,34,4.5,71.6,16.1,11,7,50,7.1,0,3,45.5,13,0.5,3.8,63.6,4.5,216,4.5,981,6,1,,MichSo00
2,James White,26,RB,16,3,94,425,5,22,44.7,27,4.5,26.6,5.9,123,87,751,8.6,7,38,52.8,42,5.4,46.9,70.7,6.1,181,6.5,1176,12,0,,WhitJa02
3,Cordarrelle Patterson,27,WR,15,5,42,228,1,15,54.8,27,5.4,15.2,2.8,28,21,247,11.8,3,11,50.0,55,1.4,16.5,75.0,8.8,63,7.5,475,4,1,AP-2,PattCo00
4,Rex Burkhead,28,RB,8,4,57,186,0,11,38.6,12,3.3,23.3,7.1,20,14,131,9.4,1,4,55.0,25,1.8,16.4,70.0,6.6,71,4.5,317,1,2,,BurkRe00
5,Julian Edelman,32,WR,12,12,9,107,0,7,100.0,20,11.9,8.9,0.8,108,74,850,11.5,6,41,57.4,36,6.2,70.8,68.5,7.9,83,11.5,957,6,1,,EdelJu00
6,Kenjon Barner,29,RB,5,0,19,71,0,3,57.9,11,3.7,14.2,3.8,0,0,0,,0,0,,,0.0,0.0,,,19,3.7,71,0,0,,BarnKe00
7,Tom Brady,41,QB,16,16,23,35,2,10,43.5,10,1.5,2.2,1.4,1,1,6,6.0,0,0,0.0,6,0.1,0.4,100.0,6.0,24,1.7,41,2,4,PB,BradTo00
8,Phillip Dorsett,25,WR,16,2,4,29,0,2,50.0,17,7.3,1.8,0.3,42,32,290,9.1,3,14,59.5,20,2.0,18.1,76.2,6.9,36,8.9,319,3,0,,DorsPh00
9,Jeremy Hill,26,RB,1,0,4,25,0,1,75.0,11,6.3,25.0,4.0,1,1,6,6.0,0,0,100.0,6,1.0,6.0,100.0,6.0,5,6.2,31,0,0,,HillJe01
10,James Develin,30,FB,16,8,6,8,4,5,83.3,2,1.3,0.5,0.4,17,12,61,5.1,0,3,35.3,11,0.8,3.8,70.6,3.6,18,3.8,69,4,0,,DeveJa00
11,Josh Gordon,27,WR,11,11,0,0,0,0,,,,0.0,0.0,68,40,720,18.0,3,29,52.9,55,3.6,65.5,58.8,10.6,40,18.0,720,3,0,,GordJo02
12,Rob Gronkowski,29,TE,13,11,0,0,0,0,,,,0.0,0.0,72,47,682,14.5,3,34,62.5,42,3.6,52.5,65.3,9.5,47,14.5,682,3,1,,GronRo00
13,Chris Hogan,31,WR,16,7,0,0,0,0,,,,0.0,0.0,55,35,532,15.2,3,22,56.4,63,2.2,33.3,63.6,9.7,35,15.2,532,3,0,,HogaCh00
14,Jacob Hollister,25,TE,8,1,0,0,0,0,,,,0.0,0.0,5,4,52,13.0,0,2,80.0,23,0.5,6.5,80.0,10.4,4,13.0,52,0,0,,HollJa03
15,Dwayne Allen,28,TE,13,8,0,0,0,0,,,,0.0,0.0,4,3,27,9.0,0,2,50.0,21,0.2,2.1,75.0,6.8,3,9.0,27,0,0,,AlleDw00
16,Riley McCarron,25,WR,1,0,0,0,0,0,,,,0.0,0.0,1,0,0,,0,0,0.0,,0.0,0.0,0.0,0.0,0,,0,0,1,,McCaRi00
17,Brian Hoyer,33,QB,5,0,11,-8,0,1,9.1,2,-0.7,-1.6,2.2,0,0,0,,0,0,,,0.0,0.0,,,11,-0.7,-8,0,0,,HoyeBr00
,Team Totals,,,16,16,478,2037,18,131,49.2,34,4.3,127.3,29.9,556,378,4405,11.7,29,203,55.2,63,23.6,275.3,68.0,7.9,856,7.5,6442,47,11,,-9999