Rk,Player,Age,Pos,G,GS,Att,Yds,TD,1D,Succ%,Lng,Y/A,Y/G,A/G,Tgt,Rec,Yds,Y/R,TD,1D,Succ%,Lng,R/G,Y/G,Ctch%,Y/Tgt,Touch,Y/Tch,YScm,RRTD,Fmb,Awards,-9999
1,Julian Edelman,32,WR,3,3,2,15,0,0,100.0,8,7.5,5.0,0.7,35,26,388,14.9,0,22,74.3,35,8.7,129.3,74.3,11.1,28,14.4,403,0,0,SB MVP,EdelJu00
2,Sony Michel,23,RB,3,2,71,336,6,19,50.7,40,4.7,112.0,23.7,3,1,9,9.0,0,0,33.3,9,0.3,3.0,33.3,3.0,72,4.8,345,6,0,,MichSo00
3,Rob Gronkowski,29,TE,3,3,0,0,0,0,,,,0.0,0.0,19,13,191,14.7,0,8,63.2,29,4.3,63.7,68.4,10.1,13,14.7,191,0,0,,GronRo00
4,James White,26,RB,3,1,8,27,0,3,50.0,9,3.4,9.0,2.7,27,20,151,7.6,0,8,40.7,30,6.7,50.3,74.1,5.6,28,6.4,178,0,0,,WhitJa02
5,Rex Burkhead,28,RB,3,1,23,96,3,7,39.1,26,4.2,32.0,7.7,7,7,45,6.4,0,1,100.0,8,2.3,15.0,100.0,6.4,30,4.7,141,3,0,,BurkRe00
6,Phillip Dorsett,25,WR,2,0,0,0,0,0,,,,0.0,0.0,8,5,70,14.0,2,5,62.5,29,2.5,35.0,62.5,8.8,5,14.0,70,2,0,,DorsPh00
7,Chris Hogan,31,WR,3,2,0,0,0,0,,,,0.0,0.0,18,8,58,7.3,0,4,27.8,11,2.7,19.3,44.4,3.2,8,7.3,58,0,0,,HogaCh00
8,Cordarrelle Patterson,27,WR,3,0,3,10,0,0,33.3,6,3.3,3.3,1.0,7,4,32,8.0,0,1,28.6,15,1.3,10.7,57.1,4.6,7,6.0,42,0,0,,PattCo00
9,James Develin,30,FB,2,1,2,5,0,2,100.0,3,2.5,2.5,1.0,1,1,9,9.0,0,1,100.0,9,0.5,4.5,100.0,9.0,3,4.7,14,0,0,,DeveJa00
10,Tom Brady,41,QB,3,3,5,-4,0,0,0.0,-1,-0.8,-1.3,1.7,0,0,0,,0,0,,,0.0,0.0,,,5,-0.8,-4,0,1,,BradTo00
,Team Totals,,,3,3,114,485,9,31,47.4,40,4.3,161.7,38.0,125,85,953,11.2,2,50,56.0,35,28.3,317.7,68.0,7.6,199,7.2,1438,11,1,,-9999